9466
4015
9393
2232
2899
819
639
5
9716
1300
2184
3939
9600
5489
3732
232
3331
1441
8442
864
6362
1165
6036
5376
2487
94
8912
6393
917
5272
8312
3135
7529
3144
4131
2635
3162
2394
2477
1837
6323
9071
3493
5846
7638
492
2486
4405
2803
8406
9016
4032
281
4221
3768
9590
1756
7062
7685
5027
6328
3806
2300
1363
5557
1211
7255
2282
3564
389
2241
4948
1608
7109
6781
8376
1808
333
8728
5026
5572
4793
5084
2834
3734
9380
934
8271
5932
1630
3930
7215
403
7292
7525
9739
950
8048
2996
8367
4110
9131
7907
2528
1420
9904
4008
2769
9349
5323
8642
3431
8590
706
7292
5211
5545
2203
118
6321
1262
478
5173
8567
7277
8124
1162
6623
7442
8496
3953
2352
4139
4341
9435
122
710
2488
5502
1769
7454
8239
7627
6076
680
9562
4657
3382
25
4105
3120
997
1403
9759
1776
8961
8271
3925
2371
1031
1716
6242
24
7206
1241
1433
6001
2234
9071
436
1656
1320
2643
3248
5837
9001
3611
9784
6259
8298
2511
4503
3724
4674
186
8
6930
8710
4032
944
6760
4330
7858
5518
6704
1865
8496
1057
462
9111
9039
940
8460
9941
4155
6982
7103
6133
1022
8645
1243
6878
7666
6971
2163
2082
6083
4001
6659
702
3465
660
3617
5778
1829
1101
5089
1233
1081
6949
424
9963
5021
664
1972
3817
3327
233
1706
2057
3962
1191
9887
316
107
9247
5115
5835
9440
3362
2587
2721
2033
8713
6982
6981
4228
3845
6339
2790
4124
844
9945
812
6065
7889
2150
6173
4214
722
1908
5405
5351
8552
9769
5770
1009
5995
1245
3671
8007
7492
1938
7894
5154
2135
7343
9132
5832
2385
7214
8911
2080
5870
3991
1107
1397
8670
5180
3430
4665
5864
9190
8233
1052
2400
1295
4672
2573
4341
5666
2908
6944
9102
6464
7014
337
8727
4405
9614
2056
1430
7306
1782
2126
7619
7819
1576
2110
5143
9452
9055
783
4
1480
9413
6033
4949
6011
4424
2487
5575
2705
4290
8820
4217
1821
2378
584
6608
7086
7093
2957
702
9039
6785
765
3076
7598
9139
6711
4453
9584
2479
2465
1644
387
1240
2672
4497
9987
3929
534
5145
5905
5379
8075
2172
961
3319
7151
7434
5219
9191
8766
1536
437
3577
7222
1687
1479
300
1109
2591
6863
9101
631
6218
7805
5595
6286
7115
7665
826
6450
961
2492
8853
9324
2847
9669
2376
7853
5950
8925
4813
6052
3044
9588
549
48
7063
1293
9450
3091
8861
9872
8594
7224
1622
1008
6710
8534
2188
3548
8724
6532
5097
7209
8050
1824
6666
2095
820
8763
4899
9234
6287
7095
7651
2949
2063
6052
9737
3626
566
3383
4807
29
2134
2444
9910
7554
9473
1246
5179
508
1039
8100
9320
175
5888
3934
7366
2456
6962
6976
5649
6396
5525
8814
2788
4270
9517
4762
9943
8741
8280
1817
6358
7117
9633
7516
7300
3149
8356
3662
9328
1481
1619
3962
6791
4568
3176
2495
4762
7801
6779
613
4801
9873
5095
7234
272
2905
7512
569
9304
8886
6808
5635
1681
8216
1434
7456
2472
8247
8486
9663
1188
2235
5815
3484
5901
1707
305
3450
3678
8008
8823
8818
346
5579
7148
1322
6925
6572
2152
7817
4677
9989
8253
2250
561
6006
3227
8304
1032
9754
1809
5001
621
6906
484
7061
6434
7664
8325
4616
5019
1327
4846
4526
2740
4177
1725
1919
2885
289
8277
4644
4309
2730
7073
8184
5021
8767
8362
4354
7214
3789
8155
8371
5270
4158
3987
3339
5102
9423
7866
6753
5768
6068
2568
3394
8296
11
5682
40
8831
4670
4999
2975
6144
8701
5610
133
5933
4843
4464
3697
3249
5688
8013
341
4388
3791
650
1990
1082
8720
217
5260
7917
3377
9516
3173
6860
3873
4835
5806
8756
3165
4629
5765
2286
4246
8561
2201
4713
947
7893
2675
2762
4467
8687
1657
9473
5669
3537
3712
4941
3740
3482
7409
9539
7229
3651
4336
1371
8539
6280
5049
2731
4821
3752
1452
72
4925
5742
3131
6090
1085
3745
8656
1840
3894
2600
9396
868
5257
2754
5758
9712
1881
9189
649
9248
9968
9973
8378
9994
3233
7768
9936
5836
8750
456
5036
2693
7211
2089
3539
5335
7634
1387
33
2427
4185
2833
3585
6693
849
8835
5339
9817
6992
5682
9836
1743
8465
3914
3356
5059
6395
2173
5580
2000
9663
3261
9774
8574
2326
2121
6986
8264
5803
3388
1758
7235
9236
2051
4422
8381
806
6590
1756
9378
4905
1960
6162
6725
730
7946
5581
8589
8449
7485
6196
158
5106
495
9946
297
5175
6551
6136
6774
8094
6588
4270
7601
7695
804
8443
675
9089
9561
4268
4979
7901
9376
9297
5516
370
6045
9622
4001
731
1281
8945
3630
5454
3685
855
144
8183
140
3828
3304
917
6563
6266
4556
4658
9228
5129
4399
8024
5565
6993
1827
4706
1634
5252
1675
2753
2618
3839
9941
9329
1792
2858
2440
9452
8632
1598
4555
1916
8302
7543
838
5206
7625
234
6061
1669
5349
5832
2618
4469
2849
1235
4825
3266
3094
209
7611
7152
1882
4847
6451
6780
9604
1608
997
370
7104
6758
6896
8928
8805
2168
8441
7499
5590
5220
9770
2257
7846
9311
7243
6415
9471
4859
1344
3508
4932
7760
6274
2901
1253
5823
499
2066
7651
1810
8716
2617
2373
7480
233
3754
1771
7232
184
2699
2241
2995
4733
3628
6678
1735
3498
1917
3917
9521
141
1807
8979
6139
1162
2169
6883
5430
1515
6156
9526
9185
1093
665
6447
395
1789
4609
5206
4134
1755
3005
867
1885
2462
4976
766
3911
7152
9097
1716
5132
6906
8221
9421
5447
1851
2724
1963
6125
325
6467
5637
4093
4169
1818
5605
8696
1253
1695
2239
9987
3851
6219
6260
5707
1395
7475
3078
1288
1747
7210
1596
2629
9791
325
5560
5967
8460
5167
5655
8619
217
6862
9816
9837
4527
8981
6561
1063
2472
8891
8350
1007
3247
5740
4716
2068
1366
447
4469
3954
2446
2808
9325
1203
8338
3839
1820
5384
6117
7392
317
7417
5869
3188
2711
1594
7600
5120
3065
2735
686
2061
6907
5281
7263
5032
2962
2369
7439
730
6453
7708
6646
8043
6638
3839
4557
4771
7747
493
4334
1201
8118
5279
4427
511
2857
1947
1058
1573
374
1673
9136
9053
3630
9377
6531
391
304
6265
6068
8846
4588
9150
7829
7899
1241
7312
1847
7273
5236
3796
7632
5688
7194
8756
7194
7574
3911
2585
4191
9738
1408
700
2452
5859
9358
3433
9460
6481
3708
1669
3407
7298
5091
3361
5554
192
5108
3887
8841
7481
1302
6901
3842
15
1648
2657
2403
5104
7417
3675
4063
6617
4430
7057
9429
8759
7284
526
3305
8030
7183
284
2535
5038
2066
7293
7158
1106
1720
9620
25
3515
3618
6057
1340
7245
7090
5581
5213
3047
1735
1722
5512
6505
8138
79
4088
4945
8488
8379
3099
2599
3473
375
3461
7466
9201
9769
3287
1354
525
1590
7889
4407
6672
456
7350
4969
6166
4384
3248
5026
5881
3406
4996
7602
9962
4591
9079
825
9170
9350
7184
3346
1289
7390
3120
1966
2536
2558
5135
5550
6938
7902
3545
3941
72
8393
1337
6381
9189
6948
2757
6649
3990
7278
6746
2635
1607
1976
9513
4792
7882
439
7218
6264
6385
1640
5376
5138
1534
6531
9974
2839
6185
2147
6104
5118
4081
5573
1612
272
3511
7711
7986
2740
9784
2067
2771
9934
3513
9107
7430
8916
8295
8823
5401
7410
2175
3390
3789
4494
2476
2737
2850
7966
6688
14
7766
1848
1317
7875
7032
2730
7987
1065
6274
4571
4869
1140
3926
6194
4855
3880
1799
4486
1971
3550
7243
1206
7420
2231
3312
5066
9530
9632
4893
4041
5608
9910
1499
2796
3978
3052
9764
3747
4675
3499
5722
5399
5974
5274
8843
2639
3547
750
5747
7543
52
3843
8802
4910
5776
6012
4128
5566
1984
7543
7775
1474
1609
8500
6128
5843
4921
3496
2520
611
7133
6989
5828
9390
4946
4348
2234
1629
6235
9662
2098
5037
8803
799
2214
5840
7939
836
7814
3923
1478
4206
3710
9039
7626
4544
8476
2547
2122
4542
8556
7906
3194
1766
247
5465
5987
3955
9356
8356
6608
1583
605
5906
5144
5689
4621
4150
6108
9368
5640
7279
7539
1999
8228
2810
4261
6753
1223
3686
373
630
9977
6888
6658
7391
2331
1761
1183
8790
6008
5309
6018
1274
715
8301
5578
8890
4785
1127
8453
4223
272
9227
2048
3471
169
7226
7456
399
2282
4787
657
841
3894
574
61
3375
7897
92
4975
958
1303
3342
8393
4518
3268
1285
1730
953
6473
2586
4644
2882
2374
5344
4773
3049
1683
2326
8052
9012
6492
2289
775
9967
3500
5882
211
1327
1384
4260
4155
9971
4895
8912
8092
5356
1569
6980
3113
2607
6766
5481
322
5545
1232
4884
2298
2563
2700
2680
6697
9909
85
1850
879
6367
2529
1493
7115
8342
6928
4511
6171
2748
5290
5772
980
1620
3081
113
6053
916
6055
1291
5399
6203
8600
1857
4631
1253
9227
6759
7
1437
1757
3877
4545
4114
8031
7224
2286
9773
1130
311
8055
5314
3232
3272
4426
6629
4964
2932
3070
1423
8044
2632
8522
4337
4854
1182
4131
7464
5049
331
3333
7426
7133
2458
4933
9152
7598
8489
4276
4764
4749
339
4726
9404
8311
9134
7299
3032
1306
6901
734
473
9750
2184
7077
8754
8368
2530
5512
8020
5565
1996
3533
1036
5996
5361
322
2063
2132
5234
2069
6250
9937
2490
6225
3091
665
5604
4442
6196
7588
7164
6267
2889
3195
5459
7182
3751
8912
9255
8604
544
5647
5954
8965
8148
7827
642
4114
3610
5851
8537
6153
5423
4078
5574
2176
7390
3742
6068
2198
818
1753
849
2015
2600
9253
6337
6462
4648
413
6692
8360
3908
1783
2006
1190
1202
9033
4501
2059
3655
3515
9544
1287
1733
5949
1454
91
5190
1532
6741
2878
4313
4210
8764
9904
3709
2108
5995
1277
556
4800
6625
7620
554
1006
7246
8808
893
182
7890
7798
7775
426
2230
968
8417
9558
4602
5370
6787
8573
1134
3067
7890
1221
6469
9751
2193
951
1207
9490
1611
9856
54
8807
5863
5355
7139
3618
8941
4306
5442
91
7881
738
8939
9124
9742
4767
7010
2996
9884
8248
1129
853
9316
1517
5973
9259
4203
3822
1582
4935
670
5829
9963
2234
7094
1254
9981
4462
860
5830
1003
7281
6062
842
9311
2259
994
6674
9886
5843
6826
6182
1437
7524
6312
3519
2962
5718
532
9305
2329
2946
5453
7127
248
566
1677
7368
6901
3378
416
4409
406
8370
1813
8747
8586
77
8485
7302
8118
9133
1828
9614
9602
8640
8694
9813
7877
4302
1076
6529
1486
3132
3631
623
6789
4353
8916
1208
1857
3911
2401
5555
8700
4708
9271
7468
7604
3785
9552
67
8578
5979
2051
792
6000
8496
8997
9910
4839
2540
4210
7933
9927
8301
9437
7348
4682
6499
8292
2526
4411
1109
9864
2781
9075
2768
7211
8869
37
561
9787
3618
1819
9076
9294
812
6607
126
3550
250
2718
3080
1879
6501
1354
9997
2590
5263
8240
7798
8389
8227
4186
5987
5180
990
7781
1374
1818
9822
6853
1851
8573
7994
5911
1778
4462
8547
231
5296
2472
9738
8532
3690
4506
8530
2305
6803
9371
6486
989
5857
734
4686
3637
3835
3446
4782
6440
7237
1148
6048
156
7840
6318
164
4303
9787
4170
6180
8512
7278
4140
5901
9583
25
6084
6395
2147
3273
4316
5603
7371
1707
1496
4359
6358
8675
3550
2918
4198
9423
8968
1042
4882
4679
1688
2326
3500
1160
4139
3672
3155
850
5185
1499
4089
4559
3549
7480
1383
9925
5752
4126
9344
8733
8714
5783
468
500
8171
1085
3878
2114
2615
1613
6031
2794
7137
9770
5380
1841
7497
2597
4230
9523
8800
684
9481
3186
8476
8017
5047
1552
4727
7725
5318
9903
605
2501
2455
3574
5478
203
288
7383
5136
7879
1436
1343
6145
8552
9345
126
2011
2309
4642
8
3665
7305
5175
1387
9849
2015
1002
1682
4387
9002
7379
8840
24
6905
8871
897
7430
7048
1915
4118
1452
506
7295
5455
449
3350
8473
9431
8394
7168
128
1594
5019
2137
1499
2530
8525
4025
1016
5346
3361
252
9601
4290
1700
1931
1868
8669
7012
3629
2001
7399
3890
702
7106
7298
2808
1310
5062
8291
6461
5916
6486
8465
6359
5653
9069
6798
2768
7448
8617
778
8540
7932
5271
1811
6073
8292
9198
2897
8232
3346
4697
6353
6651
1289
2731
9472
2544
967
3391
363
669
9539
7886
4613
6668
6948
3877
569
3785
3459
5701
6016
601
961
4124
3156
2686
2779
8677
2790
3353
4829
6139
766
6879
4565
6100
4385
1694
6090
1420
7191
5649
637
8559
9997
7027
3118
2203
9801
6353
6546
6996
6765
1251
2419
7882
4125
2956
8265
3721
9060
3967
5336
4448
2772
8053
1673
4740
4876
1628
1838
6325
7135
3442
1280
8336
8851
1235
2651
8471
39
959
1741
5599
8537
5984
9547
1944
3942
1242
9860
7810
1155
1619
4586
1422
9628
2133
4302
1778
8059
3666
7531
7266
9211
7960
694
2651
5837
4117
3732
1857
251
9964
157
9132
43
5784
2048
926
8647
9313
1526
24
2794
1645
6459
846
3709
1881
219
4872
2548
3992
489
7083
4786
7754
342
1463
5428
4288
5936
753
6220
368
7913
3588
7037
5429
1018
8660
2167
8040
535
5044
899
8708
1764
184
2513
1302
4968
8349
159
8740
3889
600
350
1553
2233
8636
2528
4158
4072
4464
7156
9346
2745
7792
5701
716
17
962
6319
8472
1934
7612
3892
193
6540
6117
8654
743
4638
8297
9750
7841
6138
9089
277
5492
9990
2562
1848
1620
4338
9812
6313
5946
4630
6166
9260
8471
9534
96
5271
6297
4083
5306
1702
1740
9915
75
4334
722
4163
9172
6144
5013
7037
3038
8528
4812
2245
5537
8534
2828
2632
7303
372
9393
5159
3200
4138
1006
4216
2007
5543
4610
1422
6836
5761
1083
1786
7172
5175
863
3490
1030
2900
2232
6081
2151
4182
4928
8174
1617
2000
6030
1778
6655
8365
783
3700
8980
3799
2729
5639
4621
1543
1147
6168
2676
701
3145
672
1734
3617
9271
1408
1223
5083
5268
2462
2581
6977
8665
8570
8762
3167
2193
1526
6806
1676
8620
7398
6428
7674
767
5076
7851
30
5518
6615
4433
8193
7708
2021
1771
9990
4850
1719
8239
9261
2606
6764
2462
3463
718
6464
9460
6155
542
8558
3138
6809
8814
5012
8527
1165
3272
726
5290
2885
3040
6070
6546
342
7277
9282
41
2509
4983
9838
5095
5202
7601
4804
3611
849
5960
969
4568
9356
2397
6482
253
923
9152
310
6628
6710
4957
4950
9744
2644
8140
9450
3521
1828
2611
6222
1290
6205
6158
3421
5941
9713
786
1021
9829
5927
1135
7275
7772
2665
6261
8600
1966
5227
360
373
4917
2718
3254
2570
3239
3123
2647
3917
8229
4995
3799
145
5637
9535
5041
6205
7762
5572
9260
9551
1362
6145
3162
5584
8361
9180
2734
2378
1309
4353
9502
8360
409
6332
2154
2572
4245
7098
268
1014
3606
9227
6416
4212
722
539
166
8005
2071
7057
6677
6995
7676
1303
834
2176
152
9035
673
2207
7762
2517
9355
5207
184
6202
6674
8099
5988
4160
417
1758
2652
9876
7063
1278
6169
2376
7477
6413
7050
4417
6645
1344
7450
784
350
3873
3631
8335
1654
4944
21
4590
1799
5162
9690
6942
2853
7528
2603
9023
8846
8780
2271
3797
6131
9431
9746
560
327
2334
5413
2172
2101
286
5812
4629
5319
813
3816
1919
2116
6068
8766
5030
6121
5786
1671
210
2220
5090
209
4285
1485
2488
1127
6583
2269
9847
6741
4025
6707
4447
5471
809
4237
8437
9873
5230
1220
9212
1321
3365
5684
3523
2821
3411
1786
5182
2775
860
5630
5785
1376
2131
1667
3834
9020
2562
7917
1703
3354
5756
9250
5816
8367
2322
5268
7342
427
2867
9246
292
6828
3287
8077
4949
1298
4430
7361
7535
1411
5252
6660
7702
655
8169
4603
9851
3046
334
1002
8334
537
2161
764
6210
8079
205
5667
2704
249
172
1389
1359
2152
5503
504
9379
6989
7903
4359
2035
9889
1252
5446
9696
9046
2054
2906
882
4206
1699
6013
4
2922
6464
3160
2548
6950
3923
2465
2692
1331
2128
888
260
6405
2563
2429
5540
6366
8766
3396
9492
2282
2691
3147
3711
3997
6867
9371
2279
2490
5496
8461
3906
7126
2545
1295
8454
7388
4444
8183
9633
9345
8841
4552
924
1531
1291
2643
9088
3422
7074
8031
2954
6567
7672
9180
2459
4940
2505
5892
1011
4563
998
6579
4159
6211
6635
4664
4704
1865
1472
9133
2783
1947
1069
2132
5054
610
4481
2658
5376
5827
8005
929
4315
8014
268
1216
45
7756
2286
1773
9053
4386
4517
694
1812
5227
87
4636
4315
8453
8982
2650
3862
6010
6389
789
4898
1250
6428
7779
3915
7703
6317
4929
6017
265
6055
6256
1964
4771
6346
9263
1693
5982
1101
6623
375
132
9373
9987
6382
3592
1383
7094
447
4852
264
4018
4320
9427
163
7102
3913
5152
7427
7511
3812
4254
9345
4019
8944
3066
5479
9714
300
4510
1766
1206
9218
1640
6085
6900
546
3786
2891
1850
881
1010
8816
3796
6657
1181
223
7978
5971
728
9102
797
1226
9287
3185
786
8642
3401
60
9117
4017
2428
1799
9538
5709
9677
1399
8967
2526
2835
922
1790
2132
701
2211
1202
9628
920
9880
6016
5920
3429
1464
7081
637
7499
4896
1092
105
2985
8352
3641
5300
7791
2458
3275
1374
5085
9914
1654
282
1211
4396
1113
5329
427
1274
1957
3194
348
8373
3384
984
9777
8055
531
2196
1089
7767
498
4845
3776
3740
4093
2686
4254
9269
2330
9135
6223
3048
598
8926
8379
3737
9508
2367
4838
1949
9189
6161
2306
1984
505
5316
1667
6468
5492
3832
627
3820
8356
1303
1416
4728
8690
9718
8307
961
7639
9911
5130
2871
3313
3043
4937
5336
455
5462
7796
9764
3433
5116
1392
2959
8827
8299
1283
2183
2644
7856
3976
6583
6737
9310
7991
9403
7519
6020
3733
533
1162
479
296
1040
4719
6064
9854
7090
8457
7599
5151
3671
9866
2720
1647
2283
8055
5173
1721
1336
1146
8820
136
8322
9810
3930
343
3743
845
7296
5452
9723
3113
5614
4960
7098
9912
1965
1091
8399
6274
385
1965
9437
1071
2183
6104
6908
1685
9178
5292
4111
9262
7356
5403
2803
1694
1620
1759
1610
3572
7027
8448
9001
271
8716
6042
5711
323
2499
6046
7399
7691
660
6984
719
7041
7256
6162
3594
7004
9411
6295
6883
2666
4641
1673
2532
1374
8531
9207
9221
5243
6468
537
344
4898
113
6910
1125
3096
1033
6649
8194
284
1121
935
9061
4103
5003
1588
2301
6789
199
5471
77
8899
2394
907
8747
2250
7743
4407
2376
2811
1260
5135
7232
3050
8134
8452
1013
4480
5943
4891
9159
2652
5231
3762
55
9834
5800
9448
1724
7607
5567
13
7541
5684
1184
8967
4192
9817
9265
5526
299
7867
3746
8491
3577
4577
4194
6933
2631
3667
6150
6667
4639
1652
9542
9089
8253
2610
568
2405
2064
7051
5394
9097
2707
915
9354
710
349
595
31
7182
1798
9412
3422
9683
3099
2044
7710
1671
2819
8952
2189
5171
6018
2395
1374
5292
9486
6518
3539
3187
5025
969
7560
8347
6895
8824
3024
7664
4664
3825
3908
438
800
8317
4792
7856
8253
4582
9488
4595
4609
6040
6836
3658
5112
9322
1136
1659
5780
287
2255
5657
1047
9000
1337
2604
1008
6588
9930
3118
1627
8075
4453
3879
6354
1167
137
3291
1928
5108
34
690
5080
810
8947
6520
8009
2361
2771
4998
5973
1748
2038
977
3770
1808
5694
3154
6608
3255
2817
4262
1692
7400
9388
6999
2628
8114
3352
6330
9588
2033
4012
5850
4737
1015
691
5445
2300
2463
544
261
6794
7214
7055
3138
6641
1082
6526
3270
4837
5280
508
2818
1284
2417
592
8511
8910
2253
3341
4615
4361
2019
8548
5188
900
9046
7547
489
8779
1604
2253
2689
90
6564
6483
7268
9077
6766
6657
2673
7496
9296
9603
1640
6634
6461
7945
3575
6840
4088
7857
9688
9183
3826
2164
265
8777
241
4
1772
5276
5553
6021
5664
7295
2623
5576
256
6463
2595
3072
7530
3201
1038
2783
882
1640
2197
9952
4872
5945
5997
6891
7623
189
8935
3076
7392
1464
6269
164
2247
5592
8334
733
4555
3263
86
2904
124
8452
7794
7986
5992
3991
3651
3270
9063
4468
545
9276
3224
8106
7761
2051
2859
5021
9850
9194
6560
1640
1748
7910
464
5031
2226
6671
6715
2435
3826
7579
497
671
3683
9471
2661
8723
454
371
1999
327
7912
6581
4208
7555
3807
2721
2668
2821
98
9824
4211
2642
5934
895
7808
2096
8838
3810
406
1603
3355
2024
2295
5783
1533
831
1352
6910
3872
1163
3873
2089
34
1156
7081
1948
8732
4366
7154
8702
7000
9502
8768
1854
2722
8393
8495
7868
2498
3518
1414
8215
56
3671
2039
4115
6408
5067
5097
7646
2041
504
4471
2434
8137
1984
3082
2989
9011
7457
9252
2047
8899
1386
639
5620
649
4683
2342
8324
8557
2396
6433
9303
8258
7104
9079
5804
9933
1035
607
683
9432
401
872
4474
7234
4977
2666
5805
5754
8547
4732
5442
2396
1102
8376
4332
8426
7357
9227
9246
1695
8434
4145
9786
1392
3612
8369
9722
6452
5589
2116
2591
694
6799
5756
8360
600
5744
2739
2342
3017
267
7729
8509
5114
1201
8051
9037
6638
88
4632
5154
9313
6555
9677
6937
5835
6098
4923
5173
6868
9747
1999
3360
7882
25
7403
213
2528
1284
6652
7966
1194
3025
6908
6841
8470
1164
2184
7601
6045
1555
9636
3770
2603
6908
141
3148
4298
5242
4895
4036
342
8684
7385
2568
4925
951
4158
425
3877
3829
2509
2094
6386
7773
4835
7534
2136
1861
9743
1310
9278
2054
9846
9852
6548
5503
6329
5931
5206
7804
6196
1393
9825
4505
1848
4909
5926
993
2731
2588
8221
4236
6558
334
1036
1544
8607
884
6807
2166
8912
3805
3610
4121
7544
4130
8853
811
1017
686
8855
8321
642
8290
3758
4544
949
7432
6862
9344
7131
4566
5696
8591
5335
7877
3293
1913
3688
6995
6972
9575
4323
8310
9256
1909
6769
8834
6549
3769
3429
2396
7412
7409
4576
2816
9909
4763
1160
608
1116
6811
9734
190
4696
1609
3520
9501
7648
2537
8375
9170
2606
1279
5361
1472
5537
4578
9929
4933
4925
3936
4773
3935
8758
6226
5480
1795
5997
818
6473
6191
2249
6442
2981
7566
7402
3231
3313
636
4299
9310
3794
9450
3014
1398
2320
6757
1948
7366
5032
9362
7524
568
2705
525
7108
6478
897
2482
1838
5291
1793
4891
2925
134
7678
764
4257
7563
594
1835
9782
9746
1139
4147
7451
3748
7481
5515
9858
3291
150
6099
1683
2617
5793
2511
6855
3180
3971
4711
2738
464
6774
1469
5983
3094
9163
2593
6722
5636
7691
6002
3578
9133
2736
8309
7270
6306
5109
4219
810
4216
8955
5086
8530
3196
5661
8124
9798
7429
5142
1512
2254
9
1986
1341
8904
5538
3906
2900
7288
2642
6148
1160
7039
8837
5443
184
6543
3975
378
1693
989
9782
5183
5004
1912
5112
2078
5182
2378
5327
3218
1886
509
5596
9979
9507
3807
6531
1213
4735
2233
6238
2262
7687
1692
5236
18
595
3133
4123
450
7416
1219
171
938
3269
5006
8101
1258
2155
138
1828
2608
4641
5876
4755
8059
1622
2989
5680
3219
9880
6093
8239
3239
9381
8170
6321
8983
5264
8696
2743
1700
454
9731
4417
5620
1569
3707
8828
9706
7100
9871
6892
5014
9017
7758
4710
1673
2928
617
369
9356
4392
1661
7389
8273
1323
48
5093
5993
2485
378
8289
2487
2221
9398
9328
6998
7559
6008
5348
2071
3193
9169
2094
509
5757
3809
7915
8253
9319
1036
6831
2959
295
1057
2129
3002
4785
5543
631
4768
987
1880
8916
9317
2022
7731
9487
5670
401
7084
3717
2215
1498
8567
1250
1998
2647
1013
2684
9982
740
4926
9072
1894
1117
6352
7826
5052
622
1974
9791
7396
1002
2397
4165
8981
7049
2419
1094
5069
7989
6976
1384
8756
8199
6010
7024
2447
5133
3539
9792
7190
3327
1446
4415
2392
1890
1715
1240
5725
7580
5142
5510
3261
9801
4911
3278
6415
6846
5789
2589
1460
6956
2908
9956
1221
9063
1313
5393
426
1240
3187
9712
7724
2799
6093
3489
749
3613
1265
4364
8311
1217
1647
1266
115
2321
6198
2422
1307
540
2042
6797
1169
5438
6967
3505
1122
4979
1701
7340
101
3887
8940
7075
344
9998
7306
7472
4397
6023
1219
3349
2545
518
9336
6622
3006
3307
5755
7462
9793
7917
5554
6012
1662
306
1194
264
9186
259
1805
9929
5706
1340
6343
673
8562
882
5398
851
2529
5896
512
8507
7379
4051
9626
6143
8118
3469
2406
8421
9993
3879
8108
4149
466
9938
1420
8160
5359
3263
8130
6305
7072
2293
1963
7298
9571
996
5320
1426
5471
440
9105
2615
3749
1040
6876
479
6163
2255
3230
2251
939
2915
592
125
5173
8676
38
9281
3264
239
124
4618
6862
1412
3393
6831
2545
2076
2201
4774
6384
6671
6286
9839
3503
7525
7319
6357
1758
619
3563
2832
3648
168
4072
1710
1742
2369
2159
2643
1277
8090
3570
1871
574
5935
6481
4383
341
7138
5809
2550
1260
9268
1294
6814
473
7433
7362
5513
4045
8247
2535
6509
3886
368
9785
4447
6199
1137
2224
2495
1454
538
2733
2837
3767
3534
3634
1994
567
5389
7783
9723
6156
2721
2698
1561
3243
2581
5286
2996
537
797
296
1017
5566
6129
5310
7193
167
5532
4624
8940
5067
9189
5444
2838
5905
619
2749
1401
4512
2854
2707
9035
5494
4716
1785
106
5773
4369
9547
2701
1579
963
5254
1020
121
2421
3932
2115
5334
3145
3080
4547
2605
772
2480
8809
8212
7868
2745
195
5446
3445
4270
9312
3764
9981
1940
1560
2311
2085
472
6300
7577
177
9610
6415
7125
2098
8046
9157
1756
306
5104
8810
3770
7134
6488
7159
3048
4699
9102
6736
323
6194
6336
7154
1052
3678
9266
267
786
137
5797
3242
7309
305
6587
185
3676
7600
7450
7111
6785
6541
8159
923
4715
9709
293
3142
2837
6494
22
777
8077
5253
7408
8007
3048
8006
892
7500
5572
8052
667
1822
9614
3018
7666
8850
3316
2025
2121
2546
1678
1187
9038
4238
3577
3351
4126
8097
2835
5678
263
6229
6862
7126
631
2329
9967
1132
505
1458
3030
2175
4866
880
6163
5955
5351
2019
6039
820
1138
8109
6681
9547
5556
6265
2170
2501
4556
8365
3899
7874
8377
9468
1277
668
9325
9423
5929
2729
4514
7269
8737
5042
50
7033
4230
8261
8705
4531
1052
1784
3757
1457
8715
127
1018
9750
4296
1183
3863
6372
9715
7444
5637
1031
5138
928
8681
3602
2349
8437
8655
6990
9179
6005
3585
8511
6686
5048
2281
8154
6779
606
3876
6324
9229
8469
2519
8829
201
2381
6198
5085
4036
5786
7106
8381
8708
1466
1299
8025
3477
936
1383
6836
8366
5072
1946
5789
3699
2932
1654
6048
5324
5326
5564
5296
5269
6086
948
4564
9351
7591
354
8016
1751
269
4410
1446
1469
2034
4420
3628
4696
3338
483
2719
3985
9066
6243
8184
3805
32
3425
6606
6310
9103
2000
429
2252
1530
2681
7717
424
4500
8066
7526
5042
1461
1890
6010
4884
4736
5460
4659
3150
8562
9226
3016
2939
5469
4996
26
5604
438
7986
9611
275
219
3766
8161
5659
1017
653
5976
1318
381
4639
982
1695
2506
3220
8626
6865
4027
938
1447
9887
9961
4677
4726
4118
6879
9671
26
6064
2508
3984
1776
2507
4840
4390
7174
8265
7803
3288
3955
3608
394
3856
1832
9557
1444
2024
4469
1772
2252
7551
2095
3252
5159
9388
7313
7321
8249
5297
6369
2217
571
3859
2276
6436
8719
969
2228
6749
6647
2804
432
3622
9283
5838
1301
4843
1658
6790
8412
414
1339
6634
2484
7187
516
5238
1633
4332
6883
2620
3317
1160
458
8308
1679
3015
5496
1847
6929
5089
5510
5206
9414
1368
9680
6417
2228
3835
4197
3189
9486
1117
1104
9700
2877
8469
3896
9595
6543
1687
740
1488
3984
1123
6739
9051
249
2412
8395
3399
4359
2860
9393
1993
766
6070
9336
4992
6925
8412
4381
6221
9187
354
9251
133
8546
6706
1898
8084
6754
4066
7366
4693
3722
7635
5484
1599
7947
2939
4064
6018
9213
2470
3725
1219
9583
8936
8357
9444
2088
518
6266
1911
3171
2117
3067
3188
2539
7107
9859
5657
9443
901
2191
6898
9497
1825
8735
4185
6124
5965
5966
3663
3964
6391
6517
892
5121
2086
7501
6756
6654
465
5412
1771
4023
8543
7730
9833
6753
7710
9083
2753
1481
5304
3000
175
519
7651
2802
9905
8596
8232
8222
471
4395
5463
672
6653
6332
7928
4345
8553
8406
1397
6114
1104
1254
9286
766
142
6395
9389
682
837
8364
7907
2697
5701
4844
1907
9966
9037
6108
4006
4536
5218
2370
3358
1669
1326
9097
4247
7120
3866
2905
3754
1405
1775
4072
452
4824
8824
1681
3078
6200
2396
820
7487
2073
3132
1070
2519
4010
1192
795
8461
3732
4087
4761
6580
5421
4294
687
9113
3644
4672
1790
6344
285
5599
8614
1823
439
3538
4444
851
8685
943
6506
7570
1506
8459
1111
6409
224
7000
7257
1527
5290
670
7289
1697
2112
3198
6374
5975
9619
6514
13
807
4330
3721
2407
7937
7733
3810
8754
2075
5456
3782
7237
5366
9258
5083
191
4400
7094
9814
9791
6811
8273
432
681
3645
3430
2237
4519
1338
8638
649
4766
4383
12
5540
979
7009
1944
3808
4766
8950
9802
6472
8989
2833
8714
6579
8540
148
149
2313
1316
2672
4099
6245
7281
7425
4262
1100
4249
7080
1109
205
7626
4377
842
1481
2947
9238
1737
2341
1477
2043
3747
2829
203
2845
5610
8396
8008
7372
885
5434
7216
8384
7606
1156
1674
3635
6538
3266
6084
2603
5328
2949
5176
923
9070
224
7693
8506
7056
1160
129
4756
3587
3231
9014
5792
801
3389
5450
2626
2302
1136
2572
5202
7683
7318
7291
5709
5384
472
1937
3753
247
6826
80
2527
5678
9776
3228
3444
4037
3891
8041
7784
8817
9075
2182
212
265
9055
3803
829
6135
2404
3855
3598
3873
4291
8108
9909
201
5478
4487
60
1633
1651
11
2219
3155
8097
21
6364
5632
6027
5846
191
439
4484
8932
2160
632
298
6546
6965
90
3245
1
492
842
4578
1414
5333
6357
7603
9502
3035
3143
4649
7024
6937
5493
9709
9938
8794
5448
3242
4719
3874
6491
2904
5415
1371
9815
9429
471
8850
1677
5924
1338
4788
8372
7019
9504
6675
3491
8887
7983
3406
3553
3219
5415
911
7115
2921
4538
1478
6678
8616
1916
6327
5446
6039
4711
6799
1918
633
5682
9901
3305
9265
3427
9070
8600
3399
9058
1465
9981
700
7856
1117
3991
1098
2793
3975
5023
1536
7846
7144
402
9869
9701
5111
48
3850
6828
3843
3397
8269
60
3596
2726
7579
451
7906
6014
7374
8997
7294
7401
4359
1212
9792
705
7734
5613
8792
3879
3144
5276
9433
52
6592
6419
618
1777
5625
8703
9887
292
5802
7564
1784
2587
6203
9058
2313
2990
7
4320
121
4368
6051
2600
7807
598
1678
2571
8090
8156
6361
6406
3967
6948
1321
6493
1609
848
603
4199
8763
2066
2407
2698
3610
882
9800
2825
5289
2560
7003
3339
5972
5466
1910
2430
7218
7392
1659
1211
5733
2758
8060
8812
8355
4762
8465
2123
1370
6214
4584
6877
6287
2232
9133
511
9352
497
219
9487
747
9035
4241
2143
6470
9550
1864
1877
9297
2693
1044
2390
113
2396
8905
3157
3886
2285
4304
6054
7094
1099
4394
1688
9187
7726
6132
4898
6587
4129
4171
3709
7352
152
9474
5666
3303
1446
9634
742
4532
462
7842
1971
758
9448
7815
873
1062
3430
829
4341
3270
4695
7878
8816
8944
7836
9267
4763
5724
442
8321
5385
2982
1535
5093
3855
9295
1944
7196
1287
2627
8082
4700
7435
4492
8864
271
4784
2373
7229
1905
1888
9985
7698
3911
9837
6252
1434
6274
5091
8306
4067
5893
269
9199
2856
3667
2731
1798
8877
317
7170
9735
4219
7211
1269
6507
6029
7240
9106
1217
5066
499
5840
158
9539
9619
3256
2720
3583
2298
8641
404
6678
1134
2113
9545
7211
2404
1632
3765
6045
7485
4511
3990
959
70
2041
2059
7831
715
6056
8516
3444
2524
9420
6775
8388
5922
7272
7477
628
4355
7021
6460
5913
9316
523
4014
47
383
437
3746
8752
2054
3588
7209
5511
5382
3327
2004
2662
6479
6474
6101
6756
1299
1932
1187
1147
4765
9781
561
2337
9636
9616
977
917
1200
3109
4581
9165
2397
9570
5894
8270
1790
1611
3193
4667
2659
3088
31
417
1341
3662
555
1747
2017
457
7578
1761
6348
72
9534
830
7206
9121
6827
4034
6874
6102
4134
253
6805
2768
4426
7374
2093
5484
4956
5875
8820
4291
9890
6961
7597
7854
2144
279
7278
2617
195
1838
4662
4360
7330
579
9073
8776
6946
4648
9146
8199
3080
4119
4912
9846
3620
3113
8316
6269
6428
6167
9890
7680
6470
6895
6870
673
347
9336
4321
4887
1656
5561
1956
4093
7175
3943
6348
5133
9870
878
7382
5023
2741
1155
8197
8396
8894
5735
6834
4728
1824
7694
2068
5616
1956
6321
3504
6208
6628
8256
7794
1512
1872
4780
4269
2112
5972
1172
319
825
1431
6814
1977
6358
9188
2409
1709
6555
2958
6992
585
1316
3504
497
4499
8234
1363
5615
1173
5474
6131
4261
9755
7286
9124
1149
5898
5416
7072
6560
4147
3491
8597
814
1577
1684
2173
8512
8976
8538
6894
140
758
2346
5811
9736
9894
6214
5306
8355
6266
3647
5984
6929
4129
312
4522
2293
4930
3469
5813
7828
8400
6852
8400
4439
5854
4642
664
7985
2629
1873
9076
9938
9571
7665
5075
7387
1142
3549
3
6851
8970
1135
6995
954
2255
4774
2011
1804
7710
2663
6746
5048
3821
7938
704
6289
5506
1335
5614
4468
9940
9097
6250
1579
7496
209
1303
1618
4075
7542
1733
456
6027
1435
7493
8921
5643
5401
8367
4777
4374
6319
8103
6179
259
4327
973
931
5018
2028
1653
6721
1127
4361
759
63
1564
8147
6487
7412
3628
8809
2375
4490
4133
8810
1180
229
4909
1928
431
582
3313
9148
100
5999
506
4139
7504
4439
7137
1143
5398
319
2739
9593
9475
6358
4296
3805
6299
4875
9377
5742
6643
241
2081
8917
4817
472
846
8476
6177
4553
3944
1095
9401
9938
6457
1573
8655
8851
5628
8338
9914
9800
9811
4497
406
168
4772
9210
8395
4765
8308
2814
9312
3269
4151
1570
541
6520
8886
1403
3646
763
6706
3495
4655
8549
184
1373
8388
7712
5286
9125
7479
978
941
394
1624
9932
4791
7775
9648
1891
346
5040
3526
637
2878
1819
774
4206
1868
5919
943
4788
8600
148
8188
1968
1168
8827
9029
8838
4693
7014
6823
326
7673
843
6801
1132
5481
8150
3376
20
8990
749
5261
9843
127
3336
3318
642
41
2240
1771
3708
6577
9014
4313
986
7993
2535
7436
477
7921
4143
8656
2204
3424
1021
2441
6910
3460
374
2116
1434
3446
1580
558
8189
7713
5023
3491
9132
9988
2196
5433
7802
9686
4982
6558
1517
2186
1642
1600
7916
5603
648
140
5019
1786
8343
5112
219
1901
1415
4853
7371
4794
4181
1055
8948
6781
4410
5831
7027
6774
9861
4067
4392
9694
7099
9364
3519
7148
4140
9576
5180
3859
9751
417
6141
990
1841
2518
9978
6703
706
2553
5888
1523
6816
1225
1359
6730
1488
8552
5105
4566
8154
9872
3996
2163
9645
7457
5913
3686
259
9486
5029
5368
2678
6777
6984
3909
5555
6892
3845
319
9070
2634
161
9529
5526
1140
1704
7985
5946
1856
3724
4941
540
648
4175
6442
8293
943
1667
17
1849
585
8959
1067
4812
6795
4085
822
2374
8832
978
9000
7027
1726
1254
1043
9662
937
2229
1994
6095
6854
1133
6883
1026
2562
8457
141
5642
2980
4404
8996
5765
6657
7202
147
8466
1727
7404
3882
193
1772
2043
1712
4794
2911
2583
9546
6352
9118
1151
8460
8247
4946
700
8479
9700
3544
3569
1892
3988
2106
102
8120
2176
5390
1494
5593
111
6509
949
8184
5756
1974
8134
3983
3978
8483
2683
2085
1573
1485
958
6416
7339
8444
2608
3530
4426
8193
8817
8582
2556
8840
7087
2293
97
9000
5074
4180
8683
6365
2151
7929
3584
8536
155
9598
8651
2724
5211
8653
1844
9436
2874
4845
8001
8876
467
7707
6381
2870
3935
3660
4729
8454
7112
8290
3552
5303
9919
8173
7279
1895
2492
7493
1508
6152
7748
8901
9813
3593
6175
1113
1461
9973
2394
9292
1796
6986
235
8555
52
7837
164
8830
6355
9899
3209
8600
9877
483
3973
3628
5921
1219
2410
5891
7904
2352
6519
2187
9857
1034
2239
8738
8033
159
2680
9092
2745
2734
2993
6561
6008
7887
248
6819
4674
5809
7370
2046
9721
5252
6684
4856
4331
3369
6394
6779
9997
7495
814
4617
3639
8671
9651
8208
8015
5425
6698
9070
730
2528
2173
1318
7056
6180
5666
8611
6623
6335
5635
7629
4275
4227
1771
2730
9157
7665
4051
3990
7249
4773
6479
1302
2941
2112
7010
8074
2871
1269
6153
5073
6398
1993
9095
5361
4852
8709
6636
8983
1601
5309
1931
8988
3579
3782
6156
6377
8438
6036
5647
3228
7975
209
867
1147
3709
8949
3574
9832
145
6018
1485
9510
6253
8735
4662
3100
4364
4296
4876
3735
4865
3012
5307
4404
2682
6967
1029
414
2678
3464
1028
7605
1028
5429
2833
6848
4350
4918
3717
1316
7926
832
6334
277
9264
1275
435
812
1105
4598
8075
2458
6902
4474
2699
5101
7175
5820
3551
8784
2077
3078
7932
4871
1346
4888
1667
2124
7432
6043
8632
3299
2077
5239
4147
9061
1326
2886
7558
491
8362
4104
961
7465
7896
5640
627
8638
1498
9055
5154
920
8228
2759
6445
189
6104
5874
6463
3415
6916
9261
166
3968
2847
8831
1573
5807
5263
6054
7831
3233
8271
5669
8694
395
3887
7206
731
5519
636
2678
470
7278
2418
6833
1775
6125
6863
1276
9518
9258
4761
722
8057
609
9955
1264
9532
4250
828
4181
2638
7541
3512
2212
3473
5609
1684
3549
2538
8121
116
2763
1170
4873
95
6078
1484
7119
4653
1276
7400
3677
4320
8563
8855
686
9201
563
4912
6383
7468
5418
5715
9328
7310
3951
6236
9563
6718
3795
697
6228
6010
3749
4895
6209
4708
485
6555
5021
4893
4427
2645
1719
5871
4601
7001
9072
5233
4814
3337
757
3255
7132
6989
3610
3433
5005
1117
8664
1349
5217
9440
7031
471
2907
8022
7584
23
2030
4787
9084
8004
4881
9292
9457
6624
2634
2055
2511
4940
3242
1934
8645
4262
373
7669
3882
1727
9558
9293
5881
402
5376
887
9595
6194
343
5660
779
3347
3600
6333
3207
7724
6855
119
1219
715
5680
1465
5154
1289
6832
2105
7879
7952
5404
9619
9976
2586
1858
7907
5205
92
2743
2278
3160
3651
1760
7196
4141
7837
8373
4769
1459
1100
4627
6636
660
7510
7665
2263
1330
6096
7702
8448
4546
8717
7241
2591
6365
6945
8984
8377
8884
9099
2237
3204
1605
4930
158
749
9804
9119
4900
3255
4251
5724
6383
7396
6924
9467
2807
6600
1702
650
806
4300
1295
645
1812
5921
3233
1821
9155
2549
192
264
6300
3915
3450
7128
9673
406
9856
6976
2021
70
469
5269
2065
8615
4644
7041
3465
4517
2647
7854
1158
37
725
4753
9797
4064
7099
4773
7880
2081
8959
3353
8283
1473
7392
652
1737
1760
8482
889
3952
5847
2569
8414
9987
6316
548
4849
3983
8406
2412
1156
2144
9234
7533
8984
20
2133
7428
1137
3504
1827
7737
7833
754
831
8463
1991
3382
9139
2586
7265
5197
9107
5952
2687
4060
9725
1315
1666
689
5779
1118
1781
4442
6973
9134
2675
1593
9288
19
7865
2739
916
8407
7325
1033
7597
174
2640
7241
1143
8399
9440
3941
6255
658
6160
1027
2336
5722
8732
6359
2036
7365
9800
9870
2604
2273
3160
7308
8113
1921
1382
6825
4443
2801
5151
4584
8658
2374
175
6008
2340
2105
7678
7582
518
4134
7450
4930
3614
2496
1447
4681
9392
552
293
2003
3144
6413
6402
6406
776
8214
2495
3675
6242
7614
8790
4391
9864
5087
1020
7980
8801
4754
6404
9969
3007
8469
8485
944
7295
9694
2140
2399
3489
3023
9957
3857
953
4811
8054
109
2868
2457
7020
191
4415
9494
5419
4350
1109
2975
8304
4286
9799
4576
5273
1398
2721
390
1735
7077
315
3628
66
8865
9549
7300
4958
7440
6054
4515
3470
3322
1263
2850
6854
9951
3035
8883
1908
5877
2946
8113
2306
8884
1646
9131
2565
2454
1013
4034
8522
8633
3881
8865
6946
3719
7917
2236
8619
3128
5513
828
2161
5702
9023
9467
1668
1057
446
7242
3756
1300
1047
4443
1082
8568
2158
1468
9025
3559
4355
8177
9637
9284
706
997
355
281
4056
2402
961
2433
9592
79
567
7815
6029
7017
7214
7215
8192
2598
4456
2163
667
1622
7697
8496
9583
3962
9556
963
1571
1770
256
5534
9471
4945
8637
1088
1320
1468
6394
5859
60
6851
2057
7751
2816
3159
2557
4959
9320
2925
6130
9227
2184
105
4062
8358
9208
1710
8758
1825
6605
101
3332
3951
4821
5581
5992
7890
2643
514
7101
7814
5725
5057
5230
4509
2274
4650
1768
9195
1151
8295
593
8002
9396
1597
8169
8977
2291
6368
5392
6984
4056
6939
2360
2240
1215
4336
9085
6120
8850
8029
5810
2771
5827
1328
1774
6304
9641
8429
7767
9354
9742
1501
2125
2146
152
1369
250
4009
4358
2311
7913
4802
2574
2388
6917
2631
6308
3667
4275
5963
3117
7141
8562
800
3877
6089
1377
6106
8046
6070
4019
8772
1579
1895
863
7297
5724
406
2154
4406
6906
6012
1705
7318
6997
6727
1585
8493
9259
4286
9314
4049
6508
8385
1940
4806
2124
788
656
7794
5737
6557
4530
5313
5726
4316
7710
3849
1431
1563
7968
2255
166
3894
9080
5788
8982
7645
9798
491
2429
695
4419
6228
2439
9706
1376
4990
8784
5128
2082
7232
546
7979
2159
5209
1681
165
9426
3104
8787
9569
3397
6942
5876
4478
9279
7916
8072
1933
8300
2119
754
5657
1197
2027
9445
8151
79
2686
9113
8142
1664
9500
961
4136
9231
7524
5978
9097
5236
5584
6118
2096
1920
6218
7274
9004
8469
3390
6165
9328
8841
779
9602
5722
3720
2958
8415
945
6264
2064
1567
8813
1265
3358
7821
699
2460
1386
8355
9025
1290
3792
9641
5919
329
5132
801
9735
2515
1114
3043
1438
9255
2861
3077
5699
220
9748
893
8255
5299
7355
1642
5454
2445
2318
4319
5213
3565
4291
50
1652
671
6680
692
759
5960
2634
2705
5495
5904
904
843
46
3454
1431
9554
4187
8626
2343
775
1050
2025
5622
5265
1864
3692
6340
4304
8166
346
3799
1039
2475
3384
2416
2959
8207
9462
6669
2434
597
3892
7328
4053
1577
356
1312
8914
8043
1025
7134
1541
1546
7361
9531
2637
5636
5959
1832
8437
9148
1148
302
8340
2478
6367
2848
8018
7264
2026
1853
5404
3145
7591
4170
585
1558
7731
1232
1469
7914
6434
6961
7326
5526
8307
7345
5462
5385
8821
4419
809
698
7626
5329
9400
9204
3483
7344
9796
1569
925
7331
6838
2266
578
1662
5167
8462
1122
1678
7339
2705
9100
6648
1852
1718
9640
7392
4180
753
7087
8939
2323
4454
9213
2166
5938
2918
8293
6184
4574
9403
3973
3381
2393
8113
3356
6485
7646
8168
6618
2580
2612
9575
6359
7467
2261
6260
9446
3600
5199
9633
4187
6681
1770
2233
4187
2471
8411
5979
5747
1632
2056
6453
9532
4813
1997
6326
3357
7301
2991
5661
9154
89
9343
5013
6315
2675
2514
4389
9128
9961
1966
947
8787
918
5831
3258
8606
6266
3243
700
6032
2400
3226
8585
9274
7569
7082
4639
2174
9224
6826
8868
1442
4261
3862
995
8465
6438
8922
1524
7859
6067
5595
175
3711
1368
8002
5857
1838
873
6666
5952
7953
6417
8028
764
5413
7659
2280
743
1094
6580
1591
7590
6738
5217
1231
520
3696
445
3991
487
6433
4342
2540
8284
8709
6969
5203
4072
3793
9210
2575
1632
5552
825
453
904
6247
1153
9262
6116
8333
147
382
6267
4379
1443
5251
7613
3664
7297
1503
8742
5113
5578
4153
35
7695
336
3937
8277
465
4263
4675
8660
7028
1985
2382
485
7847
8029
134
1567
1804
2684
3110
9514
4244
5956
1226
7321
3114
4344
1435
5626
8547
5095
4364
8444
7044
1604
8598
9024
1157
151
9871
6211
1973
9938
3583
5002
9598
22
9574
5087
810
630
5880
6588
9526
2908
427
5717
4789
2620
3347
651
6392
9350
4764
7550
61
1823
392
4274
7414
1058
3800
7253
7980
9474
6176
7984
6963
7236
2695
3997
9887
7947
6076
1384
1191
3748
1168
2664
57
2371
6383
736
1615
4861
6752
5185
1441
1256
6720
6627
2395
5696
9145
3011
8496
1835
7401
1439
3182
5375
576
9408
2196
3970
42
2439
9057
1058
9423
3515
5519
3063
5879
4674
497
8214
2161
206
1112
2151
1797
3322
9804
2217
1785
1269
4969
1940
4082
9246
7576
207
9643
5153
6127
5555
5402
5696
7948
4720
977
182
9166
3374
1218
1432
9860
7127
2631
9725
7627
5972
4961
9007
1121
7765
9103
2530
7471
6692
6466
9925
4471
3100
8446
8855
8699
6006
3204
7276
4302
7444
349
64
8686
1202
9673
9083
9842
9386
3002
1877
2000
5095
6202
5740
6675
3388
9988
1091
8539
7749
4386
6637
7045
8254
5347
4699
9389
7843
6847
2403
6801
312
797
7122
5928
890
9172
1410
3890
69
6849
5823
4946
6648
2330
4678
4569
7430
9296
576
4869
2142
26
5486
9018
9933
4671
9589
4607
34
2084
3708
204
4467
8776
803
5203
462
4459
5766
5997
8162
2022
7282
5798
6975
807
2696
6220
3835
3387
1792
2851
7191
8994
8911
7421
769
5021
4220
456
763
5323
3999
5352
3884
7781
7116
4983
998
8166
751
3466
9944
2335
1927
1894
6100
8682
8536
6354
9379
125
7643
3039
1128
3713
2297
7062
6227
964
3081
1664
7431
9788
726
860
909
45
4788
7900
3418
5276
5764
6913
7295
3109
7526
6425
6031
3658
46
7478
3671
8877
3754
5680
4169
1729
5667
1597
1833
3035
1683
960
3884
9358
438
5888
2413
6536
4644
1819
1698
1431
5917
1963
2159
8400
4566
583
5225
3025
3555
8173
1917
9445
2309
7951
5746
8472
3686
9691
1484
1580
1027
9695
5955
267
8170
5677
9172
9725
227
3227
726
1853
8196
5855
2079
3767
95
4185
4120
1957
1727
337
2159
8667
3747
1186
8971
1727
5658
6087
6373
4605
5904
1686
3157
3865
9752
8778
6490
5286
6106
1077
142
9655
6990
3605
202
740
2186
6742
6838
7983
4633
3641
2499
2120
2301
9187
1708
9934
1062
1609
3290
2694
2131
2139
6984
3857
2264
8751
807
5929
641
8479
7731
4764
4102
3541
9733
7885
1631
230
6713
3751
2522
6605
9411
6883
7690
7146
2734
2812
1251
9322
165
1329
2084
1496
8150
4603
3587
772
3091
335
5983
8244
8795
3302
3202
4536
2249
1435
8549
5250
1835
7029
281
2757
9429
6006
8963
2718
8343
1811
4984
1137
3917
1333
8090
1589
1045
46
2849
5026
8214
8688
7005
7337
2319
8203
8138
6005
3854
198
1317
4865
8434
3472
4671
1706
4691
1271
5120
7719
5744
9657
8430
2278
8137
8425
1805
3944
2047
9252
2745
7776
5577
9908
7906
5192
2040
7524
1863
6212
1788
3414
9335
1835
264
8322
2627
836
164
1503
7256
3661
4130
6967
2396
8514
947
902
374
4251
9515
9171
1683
5830
178
1651
5607
5400
9836
9977
5809
1198
6124
4594
5794
4777
4756
1937
5726
1913
3648
5958
9188
3449
1908
5013
9563
6155
1602
260
269
7893
2721
3572
1641
6541
5386
3076
9123
2945
5109
3858
2207
7546
6996
8756
6606
5842
8558
5334
184
643
3007
8164
8523
5218
1165
4651
8322
4828
6654
3963
7914
9951
152
2415
3073
3340
1866
4848
4655
812
937
9815
1770
5153
141
1346
9780
270
7534
6345
2392
2649
9
3153
6661
5728
5975
1856
3402
4698
5487
9282
9059
4128
7818
2476
8307
203
8648
831
499
3375
2386
1919
1545
9993
4128
389
3276
5765
3996
689
7847
260
5414
1924
492
9739
2393
4957
2475
2015
5853
1154
4947
2128
7102
8418
1544
1651
2062
9161
438
1941
967
8291
4293
5820
355
1572
7149
9728
2240
1976
2220
187
6654
6982
694
5100
7386
170
2316
3570
8336
7092
608
4279
9676
4491
7159
5515
6802
6709
2048
1971
1872
7707
9109
9697
5824
7625
1408
3718
242
6164
8592
6918
5689
2335
1739
427
9908
1599
9878
3932
816
5038
4866
3374
8125
8365
1401
2939
3166
1853
1163
4163
581
6831
8034
9233
7598
10
2620
8992
730
8798
1914
5485
79
5191
6356
5726
8126
2932
9520
9283
5078
4440
9267
6364
7015
4529
6230
8380
5977
1703
7404
3372
5182
9143
4980
883
1109
1697
8378
8197
7344
8846
7315
4233
8520
2566
2761
5167
9424
2977
7475
8049
4664
6252
4680
9898
7363
5359
4405
1301
3963
9340
5886
5847
9587
8778
1266
3343
9084
6084
66
9213
8476
2092
1794
2049
8701
9139
1265
5381
7634
5661
150
7502
4255
160
236
4782
6633
8350
9935
14
380
4884
1047
3067
316
2226
2852
6926
2621
6379
1787
1312
8967
7743
2528
3901
2212
2168
2132
4393
3036
33
5826
2688
8596
4590
548
1522
9810
3351
395
8911
9620
8887
47
7904
1409
1093
3108
9719
2879
1760
4205
695
103
9056
5797
5302
3479
6571
4956
5457
662
261
2958
4737
797
9468
2331
7550
7252
867
9074
1857
3371
1708
6607
2926
6122
9340
5575
7586
6618
138
9010
6025
5158
5479
3592
2307
6988
7077
4814
3223
9225
5633
9107
2553
1268
3459
2247
7224
9609
5448
5596
4331
8921
4141
2703
398
1391
1582
136
8007
6198
928
8911
7358
3850
508
7010
7052
2829
1613
581
9267
3883
557
7545
3886
3247
6730
752
9066
5671
607
5296
5126
9158
4016
1334
3975
3369
9253
6845
703
1276
2283
2111
7215
2349
8295
4554
6682
1152
6845
4919
4860
1781
9024
7879
4266
3880
5419
4863
1292
4520
8367
2614
8041
7034
2366
6525
9777
190
7207
8702
9777
9874
1091
8903
9507
6037
8112
9369
7188
479
6475
444
8202
2048
8451
9894
6997
9302
7164
9852
1812
610
9714
9399
5724
8333
7262
6091
8085
3671
4349
2276
8806
2849
5743
9538
610
2284
1582
4775
2338
6625
4640
4637
4421
4722
302
3549
6997
2321
8342
3710
5468
8687
2446
4907
8599
9975
7210
6105
6106
381
5775
9847
212
1121
6137
8054
1060
7673
5450
3195
4748
9310
5284
7698
2806
1829
2233
5141
6964
7504
9601
9294
5723
1638
2252
3033
403
641
520
894
744
5030
3397
2798
9733
1211
5367
2283
8322
6932
1580
9997
2043
7246
2783
850
2340
4607
5948
6678
7369
557
7557
2179
6810
7103
4404
5082
951
145
8705
1347
3064
2620
7015
5458
881
8005
3570
1082
2324
7845
4188
2422
7927
5817
5785
9110
4471
746
6575
2039
7533
15
4793
6198
6048
1938
4830
9766
2299
3905
2013
9376
3825
9062
1548
1258
478
921
4082
1563
8848
3572
8146
7886
6646
7703
4441
5749
6503
9917
8825
4208
7319
1710
935
1742
1525
6679
1809
2132
3656
1863
7732
9612
715
9484
1501
6575
4198
7741
7279
4629
4448
2025
7909
140
2994
8416
2104
7832
973
2703
2531
7418
7135
5378
1573
228
7186
3846
1510
8476
933
7869
3582
3247
8351
997
2034
6888
7185
9083
3969
6673
4299
3100
3054
1417
610
6300
6398
678
112
7210
5413
6701
701
5284
1036
1328
2205
5175
6918
8663
4426
7530
4322
8034
8276
4395
659
5086
8965
1162
1999
646
505
7605
8277
284
5374
8067
6451
3400
2009
5221
4775
32
2282
4058
7924
5737
4384
3314
1670
2733
6672
357
7914
1677
6194
5221
8
4233
4076
7489
5186
7757
7635
8332
3394
5486
4783
493
7359
3366
2751
7736
5808
2796
2221
1629
4036
7944
2291
1199
7297
5365
1822
3160
9356
1208
273
9931
5064
9264
3133
2714
1618
238
4416
7289
6109
407
4108
419
5721
8967
9818
4971
1594
5016
8638
9062
2678
7924
4813
2679
9374
1416
9036
1114
9616
9145
74
9733
1469
2523
4529
8780
2583
4112
6505
165
941
8606
9166
5819
6874
2388
3154
822
9259
8589
2966
7483
4192
2214
1606
8048
6900
7613
3554
3923
5632
1803
3156
9515
4445
3764
5503
5999
6409
3659
3716
166
5836
2747
1851
4735
4891
6836
1328
6706
4892
8355
2716
853
6587
8373
3718
2356
3996
8093
1161
7963
8611
6516
168
6150
4337
4608
5535
1979
1855
4185
1099
1414
8320
2903
4605
2501
5345
8240
907
2181
5861
5489
408
3197
7679
6682
9126
4329
1598
1631
8184
1370
1264
1645
6988
188
9376
6858
8489
2696
4722
2015
5094
11
1042
9322
411
1127
5319
4623
7084
4328
5725
9648
4643
2442
8483
9517
5501
4681
4066
7181
9800
648
2272
3805
9194
9702
4612
4184
470
6958
9546
7272
1835
5743
9001
4123
5566
1611
5092
9498
4745
3907
4862
4055
100
1043
1521
1973
4675
570
5344
28
3424
5133
9051
6172
986
909
1283
434
3661
6406
6831
2793
8852
3144
623
9603
9677
6091
4751
7401
8476
8127
8766
7647
9235
4290
3583
2938
8177
5606
4495
3942
5320
9762
521
4644
9027
7543
4678
1329
3559
5510
1353
3517
6137
432
8378
9930
2896
2302
2049
3891
4253
8946
3590
1231
5049
5838
1894
2326
1693
8148
8473
9027
5064
6765
9873
1675
9676
1486
741
2765
6202
4343
6624
7098
3376
7806
8163
3911
1456
5276
4546
5552
3282
2006
5070
7488
6621
2175
3486
3838
3378
7467
6580
2794
9
9511
733
745
688
2136
536
2509
944
274
2123
4984
4419
9146
2690
3298
9364
8413
3002
9993
5397
2161
1294
2041
3575
9853
8591
9437
5541
4821
473
5700
3586
8665
995
6359
9508
2575
7479
8506
4913
1805
8835
9648
4505
3083
8095
8948
1172
5177
2448
5846
5662
3485
3773
2387
6079
1024
8944
6569
1888
681
9695
7304
7003
3257
2828
1276
3282
7865
105
571
4083
273
2016
4586
6875
4699
7330
9125
280
4632
6654
5534
531
9265
836
662
382
3440
5019
2010
6890
4735
6144
1807
7549
2385
1600
2049
546
6752
9303
5929
4976
1543
122
4317
6160
2753
1234
2268
5097
8674
2586
6970
8926
6469
1467
4713
507
2149
6022
3561
8108
3119
2370
6353
287
7976
1414
718
5066
2731
6617
9211
1888
5382
3112
4386
1152
7990
3001
5922
2878
2031
7021
1858
8390
6816
8698
3188
9327
3335
8202
1742
8333
8417
7742
9957
9129
7557
648
8650
2004
210
407
9690
5193
8853
2452
8593
3107
368
9245
574
8656
2263
9935
2925
1700
8476
4521
3217
1952
478
5471
3632
4517
2430
2284
3508
5764
4258
9180
9934
679
8349
5225
1278
8581
4622
1108
4528
210
9064
630
5817
773
2530
2808
6691
3023
6064
4976
1030
2344
2658
1548
103
3308
1708
5604
837
2422
8502
91
7985
8412
9988
6902
5294
3515
952
2481
3578
4804
6934
5710
1419
887
1593
5855
2397
1759
6180
6758
267
7775
1788
6123
7517
8283
6484
5198
7649
186
6313
733
8940
8378
9951
1928
466
4772
6171
2547
9845
6161
1587
924
4555
1198
2738
797
8611
8700
6337
8916
1977
3292
5378
7618
3256
7177
670
913
9823
2373
2083
4426
5495
6217
2278
7445
7396
5975
1439
481
3994
6018
4309
2295
4273
7217
391
8090
9388
8799
4333
2850
1847
23
3774
5962
1264
7422
2931
3254
2344
6689
268
8761
1369
7265
4689
4646
6857
220
748
8661
480
270
5605
6504
7031
5000
9038
9694
2577
2239
3345
616
206
6872
7382
7051
974
3379
1145
2309
3139
309
5388
7299
3002
8251
6889
5378
4268
7755
1994
2037
6479
6205
7964
2583
6690
6683
1537
769
9818
7829
6837
1086
326
1591
4980
3820
2841
6335
9642
518
9241
2026
7563
5104
8932
5598
5028
6611
2451
8301
9297
5994
5729
9112
4785
9148
1757
9410
8038
3515
5469
9607
9186
3787
9046
4173
2639
2407
1114
1738
6429
977
626
8406
5281
5976
3180
5426
7243
7663
566
425
3449
188
2988
134
9755
8238
5374
9174
7063
8867
453
3007
6750
3368
1687
8994
334
450
1065
269
7033
6365
9141
9331
4326
5219
797
8016
5351
2975
1790
3240
5307
243
4040
1183
1940
8711
861
2511
4427
962
9480
5925
9570
6829
2672
2668
7035
4326
8989
8463
7896
7251
1275
7993
3315
6873
7852
575
5918
4875
4563
6400
5789
6054
158
7260
5155
77
643
9267
4314
3744
9983
4879
2439
3522
1066
661
8381
1915
3903
856
7441
9323
3691
8127
1998
945
1444
7
3658
2507
1340
8411
1416
3487
9173
8596
5200
4201
88
7068
3740
1589
5953
1623
3828
687
8877
3444
4540
2601
9686
6144
540
621
4926
6781
4656
4484
9691
145
3569
8439
914
17
4309
9908
9943
2351
8786
5298
6435
6849
5321
3144
2407
4837
4192
3452
4448
338
4048
8968
171
1648
6817
4305
3691
1547
6706
506
1737
6212
1565
7590
6716
808
9418
8654
9577
9845
7379
5474
4332
8395
6201
8563
2616
4591
437
992
1835
1206
5505
639
8518
5455
1272
1423
571
3330
8090
5227
7751
1432
5541
4465
2355
922
1761
100
8981
2095
6122
9184
5837
3728
196
1196
877
3423
5914
1444
4199
3688
5879
3207
7838
4278
1961
9838
3558
3576
9890
7439
1693
2118
7073
4224
8846
1039
9184
5056
4547
7044
2143
1539
2107
6491
114
1436
8045
8028
8727
4224
2108
7040
2202
1000
3339
1756
7852
3607
5283
2584
6017
6365
242
8116
2489
4379
9078
685
673
4136
9227
6797
6251
1700
17
5329
5435
2875
465
2031
7892
2172
6305
9991
1570
7082
2950
3993
4361
834
1322
2887
7678
5502
2175
2365
1797
7562
579
1630
2507
1157
4228
3153
6772
2251
5541
2204
168
3376
2737
1519
4409
479
6639
5652
2216
1556
3927
1253
1656
279
821
5871
7219
1546
8987
3030
6989
8756
3820
1721
3798
1440
4550
7608
179
8127
2063
5155
6687
9541
6020
1204
1262
6691
3133
2143
9666
7728
6245
7961
818
3053
8633
695
4279
1001
3199
2441
3737
3603
8377
7655
9258
6270
3450
3050
7696
9386
376
2766
7433
6704
2498
3798
2347
6238
452
897
2282
7636
3673
1004
7677
8158
4257
8136
4098
8035
1123
2621
9697
7325
4004
1135
6431
1210
5208
7600
6996
8434
5912
4166
447
1706
2613
7870
3544
6905
